15 0.423438 0.462963 0.046875 0.066667
15 0.482031 0.364815 0.030729 0.042593
15 0.453125 0.344907 0.023958 0.032407
15 0.505469 0.329167 0.020313 0.028704
15 0.618490 0.318056 0.023438 0.026852
15 0.404687 0.326389 0.021875 0.026852
15 0.336198 0.366204 0.032813 0.037963
15 0.230729 0.326852 0.017708 0.033333
15 0.126302 0.361111 0.026562 0.031481
15 0.114583 0.450463 0.069792 0.049074
15 0.046875 0.394444 0.032292 0.011111
15 0.641927 0.341204 0.032813 0.015741
15 0.793229 0.357407 0.052083 0.055556
15 0.915885 0.400926 0.049479 0.042593
