15 0.583333 0.624074 0.195833 0.188889
15 0.754687 0.350000 0.093750 0.079630
15 0.814323 0.277315 0.069271 0.063889
15 0.981771 0.292130 0.036458 0.058333
15 0.611198 0.229630 0.061979 0.062963
15 0.729948 0.187963 0.040104 0.029630
15 0.583073 0.192593 0.033854 0.033333
15 0.497917 0.193519 0.044792 0.040741
15 0.411979 0.159259 0.039583 0.037037
15 0.425781 0.266667 0.071354 0.066667
15 0.192448 0.367593 0.124479 0.105556
15 0.118490 0.186111 0.056771 0.055556
15 0.280729 0.143519 0.055208 0.046296
