15 0.569271 0.655556 0.202083 0.227778
15 0.506250 0.326389 0.073958 0.071296
15 0.141146 0.510648 0.063542 0.104630
15 0.281771 0.334259 0.066667 0.057407
15 0.301302 0.278241 0.051562 0.023148
15 0.500260 0.228704 0.039062 0.046296
15 0.474740 0.267593 0.028646 0.031481
15 0.641667 0.170833 0.023958 0.036111
15 0.761198 0.187963 0.039062 0.029630
15 0.675521 0.249074 0.025000 0.051852
15 0.899219 0.221759 0.050521 0.052778
15 0.954167 0.199537 0.042708 0.047222
15 0.962760 0.337037 0.074479 0.101852
