15 0.593490 0.623148 0.202604 0.201852
15 0.617969 0.281019 0.085938 0.104630
15 0.939323 0.291667 0.120313 0.094444
15 0.971094 0.231019 0.057813 0.041667
15 0.866146 0.195370 0.053125 0.044444
15 0.723958 0.276852 0.046875 0.055556
15 0.678385 0.238426 0.015104 0.034259
15 0.525260 0.278241 0.052604 0.030556
15 0.470573 0.279630 0.011979 0.024074
15 0.314844 0.322222 0.065104 0.029630
15 0.274740 0.303241 0.018229 0.039815
15 0.078646 0.399537 0.044792 0.032407
15 0.007552 0.506944 0.014063 0.143519
