15 0.462240 0.427315 0.082812 0.078704
15 0.403906 0.283333 0.042188 0.046296
15 0.579167 0.276852 0.045833 0.046296
15 0.653906 0.250926 0.034896 0.027778
15 0.572396 0.221296 0.028125 0.027778
15 0.345052 0.227778 0.029687 0.033333
15 0.458073 0.224537 0.026562 0.021296
15 0.458333 0.246759 0.016667 0.023148
15 0.739844 0.245370 0.034896 0.024074
15 0.820052 0.393056 0.094271 0.082407
15 0.880729 0.264352 0.060417 0.043519
15 0.147135 0.227315 0.038021 0.041667
15 0.089063 0.281019 0.056250 0.062037
15 0.146354 0.372222 0.066667 0.053704
