15 0.364844 0.381019 0.099479 0.087963
15 0.501042 0.320370 0.060417 0.051852
15 0.419010 0.275926 0.045312 0.040741
15 0.399740 0.231019 0.034896 0.030556
15 0.308073 0.245833 0.039062 0.039815
15 0.205729 0.250926 0.053125 0.046296
15 0.098177 0.280556 0.088021 0.072222
15 0.527865 0.266204 0.035937 0.034259
15 0.523177 0.243519 0.029687 0.016667
15 0.583073 0.293981 0.047396 0.043519
15 0.709896 0.259722 0.042708 0.026852
15 0.886979 0.361111 0.054167 0.048148
15 0.916146 0.440741 0.098958 0.077778
15 0.738802 0.456944 0.116146 0.049074
