15 0.276302 0.668981 0.183854 0.254630
15 0.238281 0.319907 0.031771 0.080556
15 0.309896 0.295370 0.048958 0.044444
15 0.280729 0.278241 0.022917 0.021296
15 0.500521 0.393519 0.076042 0.081481
15 0.532031 0.272222 0.042188 0.051852
15 0.472656 0.273148 0.029687 0.020370
15 0.602604 0.272685 0.031250 0.036111
15 0.641927 0.352778 0.049479 0.055556
15 0.775260 0.342130 0.039062 0.047222
15 0.779167 0.309259 0.031250 0.024074
15 0.874479 0.412963 0.057292 0.068519
15 0.963281 0.563889 0.073438 0.148148
15 0.970573 0.369907 0.021354 0.047222
