15 0.312500 0.303704 0.040625 0.042593
15 0.392448 0.350926 0.049479 0.042593
15 0.413542 0.418519 0.073958 0.066667
15 0.557813 0.363426 0.043750 0.043519
15 0.634375 0.411574 0.058333 0.054630
15 0.550521 0.306481 0.038542 0.035185
15 0.419531 0.306944 0.032813 0.036111
15 0.447917 0.306481 0.023958 0.025926
15 0.681510 0.325463 0.031771 0.032407
15 0.745313 0.387963 0.026042 0.037037
15 0.821094 0.377778 0.039062 0.037037
15 0.760938 0.504630 0.085417 0.075926
15 0.930990 0.448611 0.056771 0.049074
15 0.141927 0.361574 0.057813 0.032407
