15 0.346094 0.515278 0.103646 0.099074
15 0.205729 0.340741 0.060417 0.061111
15 0.263542 0.309259 0.042708 0.035185
15 0.231250 0.294444 0.028125 0.027778
15 0.425781 0.384722 0.052604 0.060185
15 0.397396 0.284259 0.027083 0.033333
15 0.448958 0.285648 0.036458 0.045370
15 0.508073 0.274537 0.028646 0.034259
15 0.531771 0.347222 0.037500 0.046296
15 0.697135 0.463889 0.060937 0.081481
15 0.686719 0.383796 0.039062 0.050926
15 0.636198 0.330556 0.032813 0.033333
15 0.649219 0.301852 0.025521 0.024074
15 0.784115 0.345370 0.027604 0.029630
15 0.926302 0.435648 0.050521 0.065741
