15 0.601042 0.645833 0.155208 0.262037
15 0.923438 0.395370 0.083333 0.092593
15 0.977865 0.339352 0.044271 0.060185
15 0.725260 0.328241 0.042188 0.050926
15 0.723177 0.291667 0.029687 0.027778
15 0.504427 0.365741 0.056771 0.083333
15 0.535417 0.311574 0.035417 0.054630
15 0.392969 0.256944 0.033854 0.047222
15 0.417708 0.251852 0.014583 0.024074
15 0.592187 0.295370 0.026042 0.038889
15 0.560677 0.271759 0.010937 0.030556
15 0.057813 0.306481 0.058333 0.048148
15 0.151562 0.352315 0.076042 0.095370
15 0.144010 0.294907 0.060937 0.019444
15 0.272917 0.275926 0.030208 0.037037
