15 0.505208 0.492130 0.109375 0.097222
15 0.554167 0.355556 0.061458 0.051852
15 0.531510 0.312500 0.045312 0.034259
15 0.455990 0.303704 0.032813 0.029630
15 0.273698 0.340741 0.053646 0.051852
15 0.168490 0.493519 0.078646 0.044444
15 0.546615 0.283796 0.028646 0.015741
15 0.607031 0.297222 0.036979 0.031481
15 0.648698 0.269444 0.031771 0.027778
15 0.689583 0.306019 0.046875 0.043519
15 0.775000 0.253704 0.037500 0.031481
15 0.856771 0.330093 0.087500 0.069444
15 0.919531 0.309722 0.034896 0.054630
15 0.895573 0.266667 0.058854 0.037037
