15 0.230469 0.331019 0.061979 0.076852
15 0.226302 0.280093 0.028646 0.032407
15 0.157552 0.310648 0.047396 0.052778
15 0.044010 0.312037 0.052604 0.042593
15 0.361979 0.256019 0.028125 0.041667
15 0.748698 0.377778 0.077604 0.085185
15 0.496875 0.327778 0.041667 0.059259
15 0.489844 0.288889 0.032813 0.022222
15 0.520312 0.279630 0.021875 0.033333
15 0.491406 0.263889 0.020313 0.029630
15 0.778646 0.320370 0.051042 0.044444
15 0.814844 0.297222 0.035937 0.037037
15 0.636719 0.298611 0.029687 0.041667
15 0.619271 0.274537 0.013542 0.021296
