15 0.534896 0.553241 0.150000 0.249074
15 0.927083 0.286574 0.061458 0.069444
15 0.751823 0.231944 0.030729 0.043519
15 0.632292 0.237963 0.034375 0.048148
15 0.639062 0.202778 0.007292 0.027778
15 0.504687 0.267593 0.031250 0.055556
15 0.513281 0.206019 0.027604 0.034259
15 0.511979 0.182407 0.023958 0.014815
15 0.456510 0.207407 0.025521 0.055556
15 0.318490 0.177315 0.015104 0.036111
15 0.251302 0.225000 0.054688 0.050000
15 0.199219 0.213889 0.031771 0.042593
15 0.019792 0.228704 0.037500 0.061111
