15 0.589063 0.426389 0.062500 0.065741
15 0.752344 0.379167 0.059896 0.050926
15 0.753385 0.316667 0.044271 0.031481
15 0.556250 0.371296 0.047917 0.046296
15 0.557813 0.342130 0.033333 0.017593
15 0.625521 0.317130 0.030208 0.026852
15 0.550260 0.323148 0.026562 0.020370
15 0.457552 0.344444 0.029687 0.027778
15 0.420312 0.360185 0.034375 0.038889
15 0.454427 0.326852 0.022396 0.009259
15 0.300521 0.430093 0.055208 0.056481
15 0.236198 0.352315 0.025521 0.012037
15 0.149740 0.382407 0.036979 0.042593
15 0.346615 0.345370 0.026562 0.009259
15 0.329427 0.340278 0.007812 0.019444
